536
0.01
1.6667e-05
2
0.0066667
-0.0044444
1.3333
0.0033333
0.66667
0.02
7.7777e-05
1.9999
0.013333
-0.0088888
1.3333
0.0066667
0.66667
0.029999
0.00018333
1.9999
0.019999
-0.013333
1.3333
0.01
0.66667
0.039998
0.00033332
1.9998
0.026665
-0.017777
1.3332
0.013333
0.66667
0.049996
0.00052775
1.9996
0.033331
-0.02222
1.3331
0.016667
0.66667
0.059993
0.00076661
1.9995
0.039995
-0.026663
1.333
0.02
0.66667
0.069988
0.0010499
1.9993
0.046659
-0.031106
1.3329
0.023333
0.66667
0.079982
0.0013776
1.9991
0.053321
-0.035548
1.3327
0.026667
0.66667
0.089975
0.0017497
1.9988
0.059983
-0.039989
1.3326
0.03
0.66667
0.099965
0.0021662
1.9986
0.066643
-0.044429
1.3324
0.033333
0.66667
0.10995
0.0026271
1.9982
0.073302
-0.048868
1.3322
0.036667
0.66667
0.11994
0.0031324
1.9979
0.079959
-0.053306
1.3319
0.04
0.66667
0.12992
0.003682
1.9975
0.086615
-0.057743
1.3317
0.043333
0.66667
0.1399
0.004276
1.9971
0.093268
-0.062179
1.3314
0.046667
0.66667
0.14988
0.0049143
1.9967
0.099919
-0.066613
1.3311
0.05
0.66667
0.15985
0.0055969
1.9963
0.10657
-0.071046
1.3308
0.053333
0.66667
0.16982
0.0063238
1.9958
0.11322
-0.075477
1.3305
0.056667
0.66667
0.17979
0.007095
1.9953
0.11986
-0.079907
1.3302
0.06
0.66667
0.18975
0.0079105
1.9947
0.1265
-0.084335
1.3298
0.063333
0.66667
0.19971
0.0087702
1.9942
0.13314
-0.088761
1.3294
0.066667
0.66667
0.20967
0.0096741
1.9936
0.13978
-0.093185
1.329
0.07
0.66667
0.21963
0.01039
1.9931
0.14642
-0.097614
1.3287
0.073333
0.66667
0.2296
0.011138
1.9926
0.15306
-0.10204
1.3284
0.076667
0.66667
0.23956
0.01192
1.9921
0.15971
-0.10647
1.328
0.08
0.66667
0.24952
0.012735
1.9915
0.16634
-0.1109
1.3277
0.083333
0.66667
0.25947
0.013584
1.9909
0.17298
-0.11532
1.3273
0.086667
0.66667
0.26943
0.014465
1.9904
0.17962
-0.11974
1.3269
0.09
0.66667
0.27938
0.01538
1.9897
0.18625
-0.12417
1.3265
0.093333
0.66667
0.28932
0.016328
1.9891
0.19288
-0.12859
1.3261
0.096667
0.66667
0.29927
0.017309
1.9885
0.19951
-0.13301
1.3256
0.1
0.66667
0.30921
0.018323
1.9878
0.20614
-0.13743
1.3252
0.10333
0.66667
0.31915
0.01937
1.9871
0.21276
-0.14184
1.3247
0.10667
0.66667
0.32908
0.02045
1.9864
0.21939
-0.14626
1.3242
0.11
0.66667
0.33901
0.021564
1.9856
0.22601
-0.15067
1.3237
0.11333
0.66667
0.34894
0.02271
1.9849
0.23262
-0.15508
1.3232
0.11667
0.66667
0.35886
0.02389
1.9841
0.23924
-0.15949
1.3227
0.12
0.66667
0.36878
0.025103
1.9833
0.24585
-0.1639
1.3222
0.12333
0.66667
0.37869
0.026349
1.9824
0.25246
-0.16831
1.3216
0.12667
0.66667
0.3886
0.027627
1.9816
0.25907
-0.17271
1.3211
0.13
0.66667
0.39851
0.028939
1.9807
0.26567
-0.17711
1.3205
0.13333
0.66667
0.40841
0.030284
1.9798
0.27227
-0.18151
1.3199
0.13667
0.66667
0.4183
0.031662
1.9789
0.27887
-0.18591
1.3193
0.14
0.66667
0.4282
0.033073
1.978
0.28546
-0.19031
1.3186
0.14333
0.66667
0.43808
0.034517
1.977
0.29206
-0.1947
1.318
0.14667
0.66667
0.44797
0.035993
1.976
0.29864
-0.1991
1.3173
0.15
0.66667
0.45784
0.037503
1.975
0.30523
-0.20349
1.3167
0.15333
0.66667
0.46772
0.039046
1.974
0.31181
-0.20787
1.316
0.15667
0.66667
0.47758
0.040621
1.9729
0.31839
-0.21226
1.3153
0.16
0.66667
0.48744
0.04223
1.9718
0.32496
-0.21664
1.3146
0.16333
0.66667
0.4973
0.043871
1.9708
0.33153
-0.22102
1.3138
0.16667
0.66667
0.50715
0.045545
1.9696
0.3381
-0.2254
1.3131
0.17
0.66667
0.517
0.047252
1.9685
0.34467
-0.22978
1.3123
0.17333
0.66667
0.52684
0.048992
1.9673
0.35122
-0.23415
1.3116
0.17667
0.66667
0.53667
0.050764
1.9662
0.35778
-0.23852
1.3108
0.18
0.66667
0.5465
0.052569
1.965
0.36433
-0.24289
1.31
0.18333
0.66667
0.55632
0.054407
1.9637
0.37088
-0.24725
1.3092
0.18667
0.66667
0.56614
0.056278
1.9625
0.37742
-0.25162
1.3083
0.19
0.66667
0.57595
0.058182
1.9612
0.38396
-0.25598
1.3075
0.19333
0.66667
0.58575
0.060118
1.9599
0.3905
-0.26033
1.3066
0.19667
0.66667
0.59554
0.062087
1.9586
0.39703
-0.26469
1.3057
0.2
0.66667
0.60533
0.064088
1.9573
0.40356
-0.26904
1.3048
0.20333
0.66667
0.61512
0.066122
1.9559
0.41008
-0.27339
1.3039
0.20667
0.66667
0.62489
0.068189
1.9545
0.4166
-0.27773
1.303
0.21
0.66667
0.63466
0.070288
1.9531
0.42311
-0.28207
1.3021
0.21333
0.66667
0.64442
0.07242
1.9517
0.42962
-0.28641
1.3011
0.21667
0.66667
0.65418
0.074584
1.9503
0.43612
-0.29075
1.3002
0.22
0.66667
0.66393
0.076781
1.9488
0.44262
-0.29508
1.2992
0.22333
0.66667
0.67367
0.07901
1.9473
0.44911
-0.29941
1.2982
0.22667
0.66667
0.6834
0.081272
1.9458
0.4556
-0.30373
1.2972
0.23
0.66667
0.69313
0.083566
1.9443
0.46208
-0.30806
1.2962
0.23333
0.66667
0.70284
0.085893
1.9427
0.46856
-0.31237
1.2952
0.23667
0.66667
0.71255
0.088252
1.9412
0.47504
-0.31669
1.2941
0.24
0.66667
0.72226
0.090643
1.9396
0.4815
-0.321
1.293
0.24333
0.66667
0.73195
0.093067
1.938
0.48797
-0.32531
1.292
0.24667
0.66667
0.74163
0.095523
1.9363
0.49442
-0.32962
1.2909
0.25
0.66667
0.75131
0.098011
1.9347
0.50087
-0.33392
1.2898
0.25333
0.66667
0.76098
0.10053
1.933
0.50732
-0.33821
1.2887
0.25667
0.66667
0.77064
0.10308
1.9313
0.51376
-0.34251
1.2875
0.26
0.66667
0.78029
0.10567
1.9296
0.5202
-0.3468
1.2864
0.26333
0.66667
0.78994
0.10829
1.9278
0.52662
-0.35108
1.2852
0.26667
0.66667
0.79957
0.11094
1.926
0.53305
-0.35537
1.284
0.27
0.66667
0.8092
0.11362
1.9243
0.53947
-0.35964
1.2828
0.27333
0.66667
0.81881
0.11633
1.9224
0.54588
-0.36392
1.2816
0.27667
0.66667
0.82842
0.11908
1.9206
0.55228
-0.36819
1.2804
0.28
0.66667
0.83802
0.12185
1.9188
0.55868
-0.37245
1.2792
0.28333
0.66667
0.84761
0.12466
1.9169
0.56507
-0.37672
1.2779
0.28667
0.66667
0.85719
0.1275
1.915
0.57146
-0.38097
1.2767
0.29
0.66667
0.86676
0.13038
1.9131
0.57784
-0.38523
1.2754
0.29333
0.66667
0.87632
0.13328
1.9111
0.58421
-0.38948
1.2741
0.29667
0.66667
0.88587
0.13622
1.9092
0.59058
-0.39372
1.2728
0.3
0.66667
0.89541
0.13919
1.9072
0.59694
-0.39796
1.2715
0.30333
0.66667
0.90494
0.14219
1.9052
0.6033
-0.4022
1.2701
0.30711
0.66667
0.91446
0.14522
1.9032
0.60964
-0.40643
1.2688
0.31081
0.66667
0.92398
0.14828
1.9011
0.61598
-0.41066
1.2674
0.31443
0.66667
0.93348
0.15138
1.8991
0.62232
-0.41488
1.2661
0.31797
0.66667
0.94297
0.15451
1.897
0.62864
-0.4191
1.2647
0.32143
0.66667
0.95245
0.15767
1.8949
0.63496
-0.42331
1.2633
0.32481
0.66667
0.96191
0.16086
1.8928
0.64128
-0.42752
1.2618
0.32811
0.66667
0.97137
0.16408
1.8906
0.64758
-0.43172
1.2604
0.33132
0.66667
0.98082
0.16733
1.8884
0.65388
-0.43592
1.259
0.33445
0.66667
0.99026
0.17062
1.8863
0.66017
-0.44011
1.2575
0.3375
0.66667
0.99968
0.17394
1.884
0.66646
-0.4443
1.256
0.34047
0.84142
1.0091
0.17728
1.8818
0.67273
-0.44849
1.2545
0.34336
0.81005
1.0185
0.18066
1.8796
0.679
-0.45267
1.253
0.34616
0.77861
1.0279
0.18407
1.8773
0.68526
-0.45684
1.2515
0.34889
0.74709
1.0373
0.18752
1.875
0.69152
-0.46101
1.25
0.35152
0.7155
1.0466
0.19099
1.8727
0.69776
-0.46517
1.2484
0.35408
0.68383
1.056
0.19449
1.8703
0.704
-0.46933
1.2469
0.35655
0.65209
1.0653
0.19803
1.868
0.71023
-0.47349
1.2453
0.35894
0.62027
1.0747
0.2016
1.8656
0.71645
-0.47764
1.2437
0.36124
0.58838
1.084
0.20519
1.8632
0.72267
-0.48178
1.2421
0.36347
0.5564
1.0933
0.20882
1.8608
0.72888
-0.48592
1.2405
0.3656
0.52435
1.1026
0.21248
1.8583
0.73507
-0.49005
1.2389
0.36765
0.49222
1.1119
0.21617
1.8559
0.74126
-0.49418
1.2373
0.36962
0.46001
1.1212
0.21989
1.8534
0.74745
-0.4983
1.2356
0.3715
0.42772
1.1304
0.22365
1.8509
0.75362
-0.50241
1.2339
0.3733
0.39535
1.1397
0.22743
1.8484
0.75979
-0.50652
1.2323
0.37502
0.3629
1.1489
0.23124
1.8458
0.76594
-0.51063
1.2306
0.37664
0.33037
1.1581
0.23509
1.8433
0.77209
-0.51473
1.2288
0.37818
0.29776
1.1673
0.23897
1.8407
0.77823
-0.51882
1.2271
0.37964
0.26506
1.1765
0.24287
1.8381
0.78436
-0.52291
1.2254
0.38101
0.23228
1.1857
0.24681
1.8355
0.79048
-0.52699
1.2236
0.38229
0.19941
1.1949
0.25078
1.8328
0.7966
-0.53107
1.2219
0.38349
-0.0082902
1.2041
0.25478
1.8301
0.8027
-0.53514
1.2201
0.3846
-0.0099547
1.2132
0.2588
1.8275
0.8088
-0.5392
1.2183
0.38562
-0.011631
1.2223
0.26286
1.8248
0.81489
-0.54326
1.2165
0.38655
-0.01332
1.2314
0.26695
1.822
0.82096
-0.54731
1.2147
0.3874
-0.015021
1.2406
0.27107
1.8193
0.82703
-0.55136
1.2129
0.38816
-0.016734
1.2496
0.27522
1.8165
0.83309
-0.5554
1.211
0.38883
-0.01846
1.2587
0.2794
1.8137
0.83914
-0.55943
1.2092
0.38942
-0.020199
1.2678
0.28361
1.8109
0.84518
-0.56346
1.2073
0.38991
-0.02195
1.2768
0.28786
1.8081
0.85122
-0.56748
1.2054
0.39032
-0.023713
1.2859
0.29213
1.8052
0.85724
-0.57149
1.2035
0.39019
-0.02549
1.2949
0.29643
1.8024
0.86325
-0.5755
1.2016
0.39005
-0.02728
1.3039
0.30076
1.7995
0.86925
-0.5795
1.1997
0.3899
-0.029083
1.3129
0.30512
1.7966
0.87525
-0.5835
1.1977
0.38974
-0.030899
1.3218
0.30951
1.7937
0.88123
-0.58749
1.1958
0.38957
-0.032728
1.3308
0.31393
1.7907
0.88721
-0.59147
1.1938
0.3894
-0.03457
1.3398
0.31838
1.7877
0.89317
-0.59545
1.1918
0.38921
-0.036427
1.3487
0.32286
1.7848
0.89912
-0.59942
1.1898
0.38902
-0.038296
1.3576
0.32737
1.7818
0.90507
-0.60338
1.1878
0.38881
-0.04018
1.3665
0.33192
1.7787
0.911
-0.60733
1.1858
0.3886
-0.042077
1.3754
0.33648
1.7757
0.91693
-0.61128
1.1838
0.38837
-0.043988
1.3843
0.34108
1.7726
0.92284
-0.61523
1.1817
0.38814
-0.045913
1.3931
0.34571
1.7695
0.92874
-0.61916
1.1797
0.3879
-0.047852
1.402
0.35037
1.7664
0.93464
-0.62309
1.1776
0.38764
-0.049806
1.4108
0.35506
1.7633
0.94052
-0.62701
1.1755
0.38738
-0.051774
1.4196
0.35978
1.7601
0.94639
-0.63093
1.1734
0.38711
-0.053756
1.4284
0.36452
1.757
0.95225
-0.63484
1.1713
0.38683
-0.055753
1.4372
0.3693
1.7538
0.95811
-0.63874
1.1692
0.38653
-0.057765
1.4459
0.3741
1.7506
0.96395
-0.64263
1.1671
0.38623
-0.059792
1.4547
0.37894
1.7474
0.96978
-0.64652
1.1649
0.38592
-0.061833
1.4634
0.3838
1.7441
0.9756
-0.6504
1.1628
0.38559
-0.063889
1.4721
0.38869
1.7409
0.9814
-0.65427
1.1606
0.38526
-0.065961
1.4808
0.39362
1.7376
0.9872
-0.65813
1.1584
0.38492
-0.068048
1.4895
0.39857
1.7343
0.99299
-0.66199
1.1562
0.38456
-0.07015
1.4981
0.40355
1.731
0.99876
-0.66584
1.154
0.3842
-0.072268
1.5068
0.40855
1.7276
1.0045
-0.66968
1.1518
0.38382
-0.074401
1.5154
0.41359
1.7243
1.0103
-0.67352
1.1495
0.38343
-0.076551
1.524
0.41866
1.7209
1.016
-0.67735
1.1473
0.38304
-0.078716
1.5326
0.42375
1.7175
1.0218
-0.68117
1.145
0.38263
-0.080896
1.5412
0.42887
1.7141
1.0275
-0.68498
1.1427
0.38221
-0.083094
1.5498
0.43403
1.7106
1.0332
-0.68879
1.1404
0.38178
-0.085307
1.5584
0.43924
1.7074
1.0386
-0.65533
1.0848
0.38133
-0.087536
1.5669
0.44448
1.7043
1.0437
-0.62189
1.0292
0.38087
-0.089782
1.5755
0.44975
1.7014
1.0485
-0.58847
0.9735
0.38041
-0.092045
1.5841
0.45504
1.6988
1.053
-0.55507
0.9178
0.37993
-0.094324
1.5926
0.46035
1.6963
1.0571
-0.5217
0.86207
0.37945
-0.09662
1.6011
0.46568
1.694
1.061
-0.48834
0.80631
0.37895
-0.098933
1.6097
0.47103
1.6919
1.0645
-0.45501
0.75053
0.37845
-0.10126
1.6182
0.4764
1.69
1.0677
-0.4217
0.69472
0.37794
-0.10361
1.6267
0.48178
1.6883
1.0705
-0.38841
0.63888
0.37742
-0.10598
1.6351
0.48718
1.6867
1.0731
-0.35515
0.58303
0.37689
-0.10836
1.6436
0.49259
1.6854
1.0753
-0.32191
0.52715
0.37636
-0.11235
1.6521
0.498
1.6843
1.0772
-0.28869
0.47125
0.37583
-0.1145
1.6606
0.50343
1.6833
1.0788
-0.2555
0.41533
0.37528
-0.11645
1.669
0.50886
1.6826
1.0801
-0.22234
0.35938
0.37474
-0.11822
1.6775
0.5143
1.682
1.081
-0.1892
0.30342
0.37418
-0.1198
1.686
0.51975
1.6817
1.0817
-0.15609
0.24744
0.37363
-0.12119
1.6944
0.52519
1.6815
1.082
-0.12301
0.19145
0.37307
-0.12239
1.7029
0.53064
1.6815
1.0819
-0.089954
0.13543
0.3725
-0.12339
1.7113
0.53608
1.6817
1.0816
-0.056926
0.079402
0.37194
-0.1242
1.7198
0.54153
1.6821
1.0809
-0.023927
0.023356
0.37137
-0.12481
1.7283
0.54696
1.6827
1.08
0.0090429
-0.032703
0.3708
-0.12522
1.7367
0.5524
1.6834
1.0787
0.041983
-0.088777
0.37023
-0.12542
1.7452
0.55782
1.6844
1.077
0.074893
-0.14486
0.36966
-0.12543
1.7537
0.56324
1.6855
1.0751
0.10777
-0.20096
0.36909
-0.12523
1.7622
0.56865
1.6869
1.0728
0.14062
-0.25707
0.36852
-0.12482
1.7707
0.57404
1.6884
1.0702
0.17344
-0.31319
0.36795
-0.12421
1.7792
0.57942
1.6901
1.0673
0.20622
-0.36932
0.36738
-0.12339
1.7877
0.58478
1.692
1.064
0.23897
-0.42545
0.36682
-0.12236
1.7962
0.59013
1.6941
1.0605
0.27169
-0.4816
0.36625
-0.12111
1.8047
0.59546
1.6963
1.0566
0.30438
-0.53775
0.36569
-0.11965
1.8132
0.60077
1.6988
1.0524
0.33703
-0.5939
0.36514
-0.11797
1.8218
0.60606
1.7014
1.0478
0.36965
-0.65007
0.36459
-0.11448
1.8304
0.61132
1.7042
1.043
0.40223
-0.70623
0.36404
-0.11264
1.8389
0.61656
1.7072
1.0378
0.43478
-0.7624
0.3635
-0.11078
1.8475
0.62177
1.7104
1.0323
0.46729
-0.81857
0.36297
-0.1089
1.8562
0.62695
1.7138
1.0264
0.49976
-0.87475
0.36244
-0.107
1.8648
0.63211
1.7174
1.0203
0.5322
-0.93092
0.36192
-0.10509
1.8734
0.63723
1.7211
1.0138
0.5646
-0.9871
0.36141
-0.10315
1.8821
0.64231
1.725
1.007
0.59696
-1.0433
0.3609
-0.1012
1.8908
0.64737
1.7291
0.99982
0.62929
-1.0994
0.36041
-0.099233
1.8995
0.65238
1.7334
0.99236
0.66157
-1.1556
0.35992
-0.097244
1.9082
0.65733
1.7377
0.98484
0.65656
-1.1585
0.35945
-0.095236
1.9169
0.66223
1.7419
0.97731
0.65154
-1.1613
0.35899
-0.093208
1.9256
0.6671
1.7462
0.96976
0.64651
-1.1641
0.35854
-0.091161
1.9343
0.67193
1.7503
0.96219
0.64146
-1.1669
0.3581
-0.089094
1.9431
0.67672
1.7545
0.9546
0.6364
-1.1697
0.35767
-0.087008
1.9519
0.68148
1.7586
0.947
0.63133
-1.1724
0.35725
-0.084901
1.9607
0.68619
1.7627
0.93937
0.62625
-1.1751
0.35684
-0.082773
1.9695
0.69087
1.7667
0.93173
0.62116
-1.1778
0.35644
-0.080625
1.9783
0.69551
1.7708
0.92408
0.61605
-1.1805
0.35606
-0.078456
1.9872
0.70011
1.7747
0.9164
0.61093
-1.1832
0.35568
-0.076265
1.9961
0.70467
1.7787
0.90871
0.6058
-1.1858
0.35532
-0.074053
2.005
0.7092
1.7826
0.901
0.60067
-1.1884
0.35496
-0.07182
2.0139
0.71368
1.7865
0.89327
0.59551
-1.191
0.35462
-0.069564
2.0229
0.71813
1.7904
0.88553
0.59035
-1.1936
0.35429
-0.067286
2.0318
0.72254
1.7942
0.87777
0.58518
-1.1961
0.35397
-0.064986
2.0408
0.72691
1.798
0.86999
0.57999
-1.1986
0.35366
-0.062663
2.0498
0.73124
1.8017
0.8622
0.5748
-1.2011
0.35337
-0.060317
2.0588
0.73553
1.8054
0.85439
0.56959
-1.2036
0.35308
-0.057948
2.0679
0.73978
1.8091
0.84657
0.56438
-1.2061
0.35281
-0.055555
2.0769
0.744
1.8127
0.83883
0.5481
-1.1779
0.35255
-0.053139
2.086
0.74817
1.8162
0.83128
0.53194
-1.1497
0.3523
-0.050698
2.0951
0.75231
1.8196
0.82391
0.51591
-1.1214
0.35207
-0.048233
2.1042
0.75641
1.8229
0.81673
0.49999
-1.093
0.35184
-0.045743
2.1133
0.76048
1.8261
0.80973
0.4842
-1.0646
0.35163
-0.043228
2.1224
0.76451
1.8292
0.80291
0.46854
-1.0361
0.35143
-0.040688
2.1316
0.76851
1.8322
0.79628
0.453
-1.0075
0.35124
-0.038122
2.1408
0.77247
1.8351
0.78984
0.43758
-0.97891
0.35106
-0.035531
2.1499
0.7764
1.8379
0.78358
0.42228
-0.95021
0.35088
-0.032913
2.1591
0.78031
1.8406
0.77751
0.40711
-0.92145
0.35072
-0.030269
2.1683
0.78418
1.8431
0.77163
0.39207
-0.89261
0.35057
-0.027603
2.1776
0.78802
1.8456
0.76593
0.37715
-0.86372
0.35043
-0.025051
2.1868
0.79184
1.848
0.76042
0.36235
-0.83476
0.35029
-0.022616
2.1961
0.79563
1.8503
0.7551
0.34768
-0.80574
0.35017
-0.020298
2.2053
0.79939
1.8526
0.74997
0.33314
-0.77665
0.35005
-0.018098
2.2146
0.80313
1.8547
0.74502
0.31872
-0.7475
0.34995
-0.016017
2.2239
0.80684
1.8567
0.74027
0.30443
-0.71829
0.34985
-0.014057
2.2331
0.81053
1.8586
0.73571
0.29027
-0.68901
0.34975
-0.012219
2.2424
0.8142
1.8605
0.73134
0.27623
-0.65968
0.34967
-0.010505
2.2517
0.81784
1.8622
0.72715
0.26232
-0.63028
0.34959
-0.0089141
2.2611
0.82147
1.8639
0.72316
0.24853
-0.60083
0.34952
-0.0074494
2.2704
0.82507
1.8654
0.71936
0.23488
-0.57132
0.34946
-0.0061116
2.2797
0.82866
1.8669
0.71575
0.22135
-0.54174
0.3494
-0.0049019
2.2891
0.83223
1.8683
0.71234
0.20795
-0.51211
0.34935
-0.0038218
2.2984
0.83579
1.8696
0.70912
0.19468
-0.48242
0.3493
-0.0028725
2.3078
0.83932
1.8708
0.70609
0.18154
-0.45268
0.34926
-0.0020554
2.3171
0.84285
1.872
0.70325
0.16852
-0.42287
0.34922
-0.0013718
2.3265
0.84636
1.873
0.70061
0.15564
-0.39301
0.34919
-0.000823
2.3358
0.84985
1.874
0.69816
0.14288
-0.3631
0.34917
-0.00041052
2.3452
0.85334
1.8749
0.6959
0.13026
-0.33313
0.34914
-0.00013569
2.3546
0.85681
1.8757
0.69384
0.11776
-0.30311
0.34912
5.2649e-08
2.364
0.86028
1.8764
0.69198
0.1054
-0.27303
0.34911
0
2.3734
0.86373
1.877
0.69031
0.093162
-0.2429
0.3491
0
2.3827
0.86718
1.8776
0.68884
0.081057
-0.21271
0.34909
0
2.3921
0.87062
1.8781
0.68756
0.069083
-0.18248
0.34908
0
2.4015
0.87405
1.8785
0.68648
0.057241
-0.15219
0.34907
0
2.4109
0.87748
1.8788
0.6856
0.045529
-0.12185
0.34907
0
2.4203
0.88091
1.8791
0.68491
0.033949
-0.091463
0.34907
0
2.4297
0.88433
1.8792
0.68442
0.022501
-0.061024
0.34907
0
2.4391
0.88775
1.8794
0.68413
0.011184
-0.030537
0.34907
0
2.4485
0.89117
1.8794
0.68404
0
0
0.34907
0
2.4579
0.8946
1.8794
0.68404
0
0
0.34907
0
2.4673
0.89802
1.8794
0.68404
0
0
0.34907
0
2.4767
0.90144
1.8794
0.68404
0
0
0.34907
0
2.4861
0.90486
1.8794
0.68404
0
0
0.34907
0
2.4955
0.90828
1.8794
0.68404
0
0
0.34907
0
2.5049
0.9117
1.8794
0.68404
0
0
0.34907
0
2.5143
0.91512
1.8794
0.68404
0
0
0.34907
0
2.5237
0.91854
1.8794
0.68404
0
0
0.34907
0
2.5331
0.92196
1.8794
0.68404
0
0
0.34907
0
2.5425
0.92538
1.8794
0.68404
0
0
0.34907
0
2.5519
0.9288
1.8794
0.68404
0
0
0.34907
0
2.5613
0.93222
1.8794
0.68404
0
0
0.34907
0
2.5707
0.93564
1.8794
0.68404
0
0
0.34907
0
2.5801
0.93906
1.8794
0.68404
0
0
0.34907
0
2.5895
0.94248
1.8794
0.68404
0
0
0.34907
0
2.5988
0.9459
1.8794
0.68404
0
0
0.34907
0
2.6082
0.94932
1.8794
0.68404
0
0
0.34907
0
2.6176
0.95274
1.8794
0.68404
0
0
0.34907
0
2.627
0.95616
1.8794
0.68404
0
0
0.34907
0
2.6364
0.95958
1.8794
0.68404
0
0
0.34907
0
2.6458
0.963
1.8794
0.68404
0
0
0.34907
0
2.6552
0.96642
1.8794
0.68404
0
0
0.34907
0
2.6646
0.96984
1.8794
0.68404
0
0
0.34907
0
2.674
0.97326
1.8794
0.68404
0
0
0.34907
0
2.6834
0.97668
1.8794
0.68404
0
0
0.34907
0
2.6928
0.9801
1.8794
0.68404
0
0
0.34907
0
2.7022
0.98352
1.8794
0.68404
0
0
0.34907
0
2.7116
0.98694
1.8794
0.68404
0
0
0.34907
0
2.721
0.99036
1.8794
0.68404
0
0
0.34907
0
2.7304
0.99378
1.8794
0.68404
0
0
0.34907
0
2.7398
0.9972
1.8794
0.68404
0
0
0.34907
0
2.7492
1.0006
1.8794
0.68404
0
0
0.34907
0
2.7586
1.004
1.8794
0.68404
0
0
0.34907
0
2.768
1.0075
1.8794
0.68404
0
0
0.34907
0
2.7774
1.0109
1.8794
0.68404
0
0
0.34907
0
2.7868
1.0143
1.8794
0.68404
0
0
0.34907
0
2.7962
1.0177
1.8794
0.68404
0
0
0.34907
0
2.8056
1.0211
1.8794
0.68404
0
0
0.34907
0
2.815
1.0246
1.8794
0.68404
0
0
0.34907
0
2.8244
1.028
1.8794
0.68404
0
0
0.34907
0
2.8338
1.0314
1.8794
0.68404
0
0
0.34907
0
2.8432
1.0348
1.8794
0.68404
0
0
0.34907
0
2.8526
1.0382
1.8794
0.68404
0
0
0.34907
0
2.862
1.0417
1.8794
0.68404
0
0
0.34907
0
2.8714
1.0451
1.8794
0.68404
0
0
0.34907
0
2.8808
1.0485
1.8794
0.68404
0
0
0.34907
0
2.8902
1.0519
1.8794
0.68404
0
0
0.34907
0
2.8995
1.0553
1.8794
0.68404
0
0
0.34907
0
2.9089
1.0588
1.8794
0.68404
0
0
0.34907
0
2.9183
1.0622
1.8794
0.68404
0
0
0.34907
0
2.9277
1.0656
1.8794
0.68404
0
0
0.34907
0
2.9371
1.069
1.8794
0.68404
0
0
0.34907
0
2.9465
1.0724
1.8794
0.68404
0
0
0.34907
0
2.9559
1.0759
1.8794
0.68404
0
0
0.34907
0
2.9653
1.0793
1.8794
0.68404
0
0
0.34907
0
2.9747
1.0827
1.8794
0.68404
0
0
0.34907
0
2.9841
1.0861
1.8794
0.68404
0
0
0.34907
0
2.9935
1.0895
1.8794
0.68404
0
0
0.34907
0
3.0029
1.093
1.8794
0.68404
0
0
0.34907
0
3.0123
1.0964
1.8794
0.68404
0
0
0.34907
0
3.0217
1.0998
1.8794
0.68404
0
0
0.34907
0
3.0311
1.1032
1.8794
0.68404
0
0
0.34907
0
3.0405
1.1066
1.8794
0.68404
0
0
0.34907
0
3.0499
1.1101
1.8794
0.68404
0
0
0.34907
0
3.0593
1.1135
1.8794
0.68404
0
0
0.34907
0
3.0687
1.1169
1.8794
0.68404
0
0
0.34907
0
3.0781
1.1203
1.8794
0.68404
0
0
0.34907
0
3.0875
1.1237
1.8794
0.68404
0
0
0.34907
0
3.0969
1.1272
1.8794
0.68404
0
0
0.34907
0
3.1063
1.1306
1.8794
0.68404
0
0
0.34907
0
3.1157
1.134
1.8794
0.68404
0
0
0.34907
0
3.1251
1.1374
1.8794
0.68404
0
0
0.34907
0
3.1345
1.1408
1.8794
0.68404
0
0
0.34907
0
3.1439
1.1443
1.8794
0.68404
0
0
0.34907
0
3.1533
1.1477
1.8794
0.68404
0
0
0.34907
0
3.1627
1.1511
1.8794
0.68404
0
0
0.34907
0
3.1721
1.1545
1.8794
0.68404
0
0
0.34907
0
3.1815
1.158
1.8794
0.68404
0
0
0.34907
0
3.1909
1.1614
1.8794
0.68404
0
0
0.34907
0
3.2003
1.1648
1.8794
0.68404
0
0
0.34907
0
3.2096
1.1682
1.8794
0.68404
0
0
0.34907
0
3.219
1.1716
1.8794
0.68404
0
0
0.34907
0
3.2284
1.1751
1.8794
0.68404
0
0
0.34907
0
3.2378
1.1785
1.8794
0.68404
0
0
0.34907
0
3.2472
1.1819
1.8794
0.68404
0
0
0.34907
0
3.2566
1.1853
1.8794
0.68404
0
0
0.34907
0
3.266
1.1887
1.8794
0.68404
0
0
0.34907
0
3.2754
1.1922
1.8794
0.68404
0
0
0.34907
0
3.2848
1.1956
1.8794
0.68404
0
0
0.34907
0
3.2942
1.199
1.8794
0.68404
0
0
0.34907
0
3.3036
1.2024
1.8794
0.68404
0
0
0.34907
0
3.313
1.2058
1.8794
0.68404
0
0
0.34907
0
3.3224
1.2093
1.8794
0.68404
0
0
0.34907
0
3.3318
1.2127
1.8794
0.68404
0
0
0.34907
0
3.3412
1.2161
1.8794
0.68404
0
0
0.34907
0
3.3506
1.2195
1.8794
0.68404
0
0
0.34907
0
3.36
1.2229
1.8794
0.68404
0
0
0.34907
0
3.3694
1.2264
1.8794
0.68404
0
0
0.34907
0
3.3788
1.2298
1.8794
0.68404
0
0
0.34907
0
3.3882
1.2332
1.8794
0.68404
0
0
0.34907
0
3.3976
1.2366
1.8794
0.68404
0
0
0.34907
0
3.407
1.24
1.8794
0.68404
0
0
0.34907
0
3.4164
1.2435
1.8794
0.68404
0
0
0.34907
0
3.4258
1.2469
1.8794
0.68404
0
0
0.34907
0
3.4352
1.2503
1.8794
0.68404
0
0
0.34907
0
3.4446
1.2537
1.8794
0.68404
0
0
0.34907
0
3.454
1.2571
1.8794
0.68404
0
0
0.34907
0
3.4634
1.2606
1.8794
0.68404
0
0
0.34907
0
3.4728
1.264
1.8794
0.68404
0
0
0.34907
0
3.4822
1.2674
1.8794
0.68404
0
0
0.34907
0
3.4916
1.2708
1.8794
0.68404
0
0
0.34907
0
3.501
1.2742
1.8794
0.68404
0
0
0.34907
0
3.5103
1.2777
1.8794
0.68404
0
0
0.34907
0
3.5197
1.2811
1.8794
0.68404
0
0
0.34907
0
3.5291
1.2845
1.8794
0.68404
0
0
0.34907
0
3.5385
1.2879
1.8794
0.68404
0
0
0.34907
0
3.5479
1.2913
1.8794
0.68404
0
0
0.34907
0
3.5573
1.2948
1.8794
0.68404
0
0
0.34907
0
3.5667
1.2982
1.8794
0.68404
0
0
0.34907
0
3.5761
1.3016
1.8794
0.68404
0
0
0.34907
0
3.5855
1.305
1.8794
0.68404
0
0
0.34907
0
3.5949
1.3084
1.8794
0.68404
0
0
0.34907
0
3.6043
1.3119
1.8794
0.68404
0
0
0.34907
0
3.6137
1.3153
1.8794
0.68404
0
0
0.34907
0
3.6231
1.3187
1.8794
0.68404
0
0
0.34907
0
3.6325
1.3221
1.8794
0.68404
0
0
0.34907
0
3.6419
1.3255
1.8794
0.68404
0
0
0.34907
0
3.6513
1.329
1.8794
0.68404
0
0
0.34907
0
3.6607
1.3324
1.8794
0.68404
0
0
0.34907
0
3.6701
1.3358
1.8794
0.68404
0
0
0.34907
0
3.6795
1.3392
1.8794
0.68404
0
0
0.34907
0
3.6889
1.3426
1.8794
0.68404
0
0
0.34907
0
3.6983
1.3461
1.8794
0.68404
0
0
0.34907
0
3.7077
1.3495
1.8794
0.68404
0
0
0.34907
0
3.7171
1.3529
1.8794
0.68404
0
0
0.34907
0
3.7265
1.3563
1.8794
0.68404
0
0
0.34907
0
3.7359
1.3597
1.8794
0.68404
0
0
0.34907
0
3.7453
1.3632
1.8794
0.68404
0
0
0.34907
0
3.7547
1.3666
1.8794
0.68404
0
0
0.34907
0
3.7641
1.37
1.8794
0.68404
0
0
0.34907
0
3.7735
1.3734
1.8794
0.68404
0
0
0.34907
0
3.7829
1.3768
1.8794
0.68404
0
0
0.34907
0
3.7923
1.3803
1.8794
0.68404
0
0
0.34907
0
3.8017
1.3837
1.8794
0.68404
0
0
0.34907
0
3.8111
1.3871
1.8794
0.68404
0
0
0.34907
0
3.8204
1.3905
1.8794
0.68404
0
0
0.34907
0
3.8298
1.3939
1.8794
0.68404
0
0
0.34907
0
3.8392
1.3974
1.8794
0.68404
0
0
0.34907
0
3.8486
1.4008
1.8794
0.68404
0
0
0.34907
0
3.858
1.4042
1.8794
0.68404
0
0
0.34907
0
3.8674
1.4076
1.8794
0.68404
0
0
0.34907
0
3.8768
1.411
1.8794
0.68404
0
0
0.34907
0
3.8862
1.4145
1.8794
0.68404
0
0
0.34907
0
3.8956
1.4179
1.8794
0.68404
0
0
0.34907
0
3.905
1.4213
1.8794
0.68404
0
0
0.34907
0
3.9144
1.4247
1.8794
0.68404
0
0
0.34907
0
3.9238
1.4281
1.8794
0.68404
0
0
0.34907
0
3.9332
1.4316
1.8794
0.68404
0
0
0.34907
0
3.9426
1.435
1.8794
0.68404
0
0
0.34907
0
3.952
1.4384
1.8794
0.68404
0
0
0.34907
0
3.9614
1.4418
1.8794
0.68404
0
0
0.34907
0
3.9708
1.4452
1.8794
0.68404
0
0
0.34907
0
3.9802
1.4487
1.8794
0.68404
0
0
0.34907
0
3.9896
1.4521
1.8794
0.68404
0
0
0.34907
0
3.999
1.4555
1.8794
0.68404
0
0
0.34907
0
4.0084
1.4589
1.8794
0.68404
0
0
0.34907
0
4.0178
1.4623
1.8794
0.68404
0
0
0.34907
0
4.0272
1.4658
1.8794
0.68404
0
0
0.34907
0
4.0366
1.4692
1.8794
0.68404
0
0
0.34907
0
4.046
1.4726
1.8794
0.68404
0
0
0.34907
0
4.0554
1.476
1.8794
0.68404
0
0
0.34907
0
4.0648
1.4794
1.8794
0.68404
0
0
0.34907
0
4.0742
1.4829
1.8794
0.68404
0
0
0.34907
0
4.0836
1.4863
1.8794
0.68404
0
0
0.34907
0
4.093
1.4897
1.8794
0.68404
0
0
0.34907
0
4.1024
1.4931
1.8794
0.68404
0
0
0.34907
0
4.1118
1.4966
1.8794
0.68404
0
0
0.34907
0
4.1211
1.5
1.8794
0.68404
0
0
0.34907
0
4.1305
1.5034
1.8794
0.68404
0
0
0.34907
0
4.1399
1.5068
1.8794
0.68404
0
0
0.34907
0
4.1493
1.5102
1.8794
0.68404
0
0
0.34907
0
4.1587
1.5137
1.8794
0.68404
0
0
0.34907
0
4.1681
1.5171
1.8794
0.68404
0
0
0.34907
0
4.1775
1.5205
1.8794
0.68404
0
0
0.34907
0
4.1869
1.5239
1.8794
0.68404
0
0
0.34907
0
4.1963
1.5273
1.8794
0.68404
0
0
0.34907
0
4.2057
1.5308
1.8794
0.68404
0
0
0.34907
0
4.2151
1.5342
1.8794
0.68404
0
0
0.34907
0
4.2245
1.5376
1.8794
0.68404
0
0
0.34907
0
4.2339
1.541
1.8794
0.68404
0
0
0.34907
0
4.2433
1.5444
1.8794
0.68404
0
0
0.34907
0
4.2527
1.5479
1.8794
0.68404
0
0
0.34907
0
4.2621
1.5513
1.8794
0.68404
0
0
0.34907
0
4.2715
1.5547
1.8794
0.68404
0
0
0.34907
0
4.2809
1.5581
1.8794
0.68404
0
0
0.34907
0
4.2903
1.5615
1.8794
0.68404
0
0
0.34907
0
4.2997
1.565
1.8794
0.68404
0
0
0.34907
0
4.3091
1.5684
1.8794
0.68404
0
0
0.34907
0
4.3185
1.5718
1.8794
0.68404
0
0
0.34907
0
4.3279
1.5752
1.8794
0.68404
0
0
0.34907
0
4.3373
1.5786
1.8794
0.68404
0
0
0.34907
0
4.3467
1.5821
1.8794
0.68404
0
0
0.34907
0
4.3561
1.5855
1.8794
0.68404
0
0
0.34907
0
4.3655
1.5889
1.8794
0.68404
0
0
0.34907
0
4.3749
1.5923
1.8794
0.68404
0
0
0.34907
0
4.3843
1.5957
1.8794
0.68404
0
0
0.34907
0
4.3937
1.5992
1.8794
0.68404
0
0
0.34907
0
4.4031
1.6026
1.8794
0.68404
0
0
0.34907
0
4.4125
1.606
1.8794
0.68404
0
0
0.34907
0
4.4219
1.6094
1.8794
0.68404
0
0
0.34907
0
4.4312
1.6128
1.8794
0.68404
0
0
0.34907
0
4.4406
1.6163
1.8794
0.68404
0
0
0.34907
0
4.45
1.6197
1.8794
0.68404
0
0
0.34907
0
4.4594
1.6231
1.8794
0.68404
0
0
0.34907
0
4.4688
1.6265
1.8794
0.68404
0
0
0.34907
0
4.4782
1.6299
1.8794
0.68404
0
0
0.34907
0
4.4876
1.6334
1.8794
0.68404
0
0
0.34907
0
4.497
1.6368
1.8794
0.68404
0
0
0.34907
0
4.5064
1.6402
1.8794
0.68404
0
0
0.34907
0
4.5158
1.6436
1.8794
0.68404
0
0
0.34907
0
4.5252
1.647
1.8794
0.68404
0
0
0.34907
0
4.5346
1.6505
1.8794
0.68404
0
0
0.34907
0
4.544
1.6539
1.8794
0.68404
0
0
0.34907
0
4.5534
1.6573
1.8794
0.68404
0
0
0.34907
0
4.5628
1.6607
1.8794
0.68404
0
0
0.34907
0
4.5722
1.6641
1.8794
0.68404
0
0
0.34907
0
4.5816
1.6676
1.8794
0.68404
0
0
0.34907
0
4.591
1.671
1.8794
0.68404
0
0
0.34907
0
4.6004
1.6744
1.8794
0.68404
0
0
0.34907
0
4.6098
1.6778
1.8794
0.68404
0
0
0.34907
0
4.6192
1.6812
1.8794
0.68404
0
0
0.34907
0
4.6286
1.6847
1.8794
0.68404
0
0
0.34907
0
4.638
1.6881
1.8794
0.68404
0
0
0.34907
0
4.6474
1.6915
1.8794
0.68404
0
0
0.34907
0
4.6568
1.6949
1.8794
0.68404
0
0
0.34907
0
4.6662
1.6983
1.8794
0.68404
0
0
0.34907
0
4.6756
1.7018
1.8794
0.68404
0
0
0.34907
0
4.685
1.7052
1.8794
0.68404
0
0
0.34907
0
4.6944
1.7086
1.8794
0.68404
0
0
0.34907
0
4.7038
1.712
1.8794
0.68404
0
0
0.34907
0
4.7132
1.7154
1.8794
0.68404
0
0
0.34907
0
4.7226
1.7189
1.8794
0.68404
0
0
0.34907
0
4.7319
1.7223
1.8794
0.68404
0
0
0.34907
0
4.7413
1.7257
1.8794
0.68404
0
0
0.34907
0
4.7507
1.7291
1.8794
0.68404
0
0
0.34907
0
4.7601
1.7325
1.8794
0.68404
0
0
0.34907
0
4.7695
1.736
1.8794
0.68404
0
0
0.34907
0
4.7789
1.7394
1.8794
0.68404
0
0
0.34907
0
4.7883
1.7428
1.8794
0.68404
0
0
0.34907
0
4.7977
1.7462
1.8794
0.68404
0
0
0.34907
0
4.8071
1.7496
1.8794
0.68404
0
0
0.34907
0
4.8165
1.7531
1.8794
0.68404
0
0
0.34907
0
4.8259
1.7565
1.8794
0.68404
0
0
0.34907
0
4.8353
1.7599
1.8794
0.68404
0
0
0.34907
0
4.8447
1.7633
1.8794
0.68404
0
0
0.34907
0
4.8541
1.7667
1.8794
0.68404
0
0
0.34907
0
4.8635
1.7702
1.8794
0.68404
0
0
0.34907
0
4.8729
1.7736
1.8794
0.68404
0
0
0.34907
0
4.8823
1.777
1.8794
0.68404
0
0
0.34907
0
4.8917
1.7804
1.8794
0.68404
0
0
0.34907
0
4.9011
1.7838
1.8794
0.68404
0
0
0.34907
0
4.9105
1.7873
1.8794
0.68404
0
0
0.34907
0
4.9199
1.7907
1.8794
0.68404
0
0
0.34907
0
4.9293
1.7941
1.8794
0.68404
0
0
0.34907
0
4.9387
1.7975
1.8794
0.68404
0
0
0.34907
0
4.9481
1.8009
1.8794
0.68404
0
0
0.34907
0
4.9575
1.8044
1.8794
0.68404
0
0
0.34907
0
4.9669
1.8078
1.8794
0.68404
0
0
0.34907
0
4.9763
1.8112
1.8794
0.68404
0
0
0.34907
0
4.9857
1.8146
1.8794
0.68404
0
0
0.34907
0
4.9951
1.818
1.8794
0.68404
0
0
0.34907
0
5.0045
1.8215
1.8794
0.68404
0
0
0.34907
0
